 data: 58 39 47 2d 31 30 31 31 39 2e 31 30 2e 32 32 39 39 39 39 30 31 35 37 
 data: 58 39 47 2d 31 30 31 31 39 2e 31 30 2e 32 32 39 39 39 39 30 31 33 31 
 data: 58 39 47 2d 31 30 31 31 39 2e 31 30 2e 32 32 39 39 39 39 30 31 35 39 
 data: 58 39 47 2d 31 30 31 31 39 2e 31 30 2e 32 32 39 39 39 39 30 31 33 34 
 data: 58 39 47 2d 31 30 31 31 39 2e 31 30 2e 32 32 39 39 39 39 30 31 36 34 
 data: 58 39 47 2d 31 30 31 31 39 2e 31 30 2e 32 32 39 39 39 39 30 31 35 36 
 data: 58 39 47 2d 31 30 31 31 39 2e 31 30 2e 32 32 39 39 39 39 30 31 33 30 
 data: 43 37 32 34 
 data: 58 39 47 2d 31 30 31 31 39 2e 31 30 2e 32 32 39 39 39 39 30 31 34 38 
 data: 43 37 32 34 
 data: 58 39 47 2d 31 30 31 31 39 2e 31 30 2e 32 32 39 39 39 39 30 31 35 34 
 data: 43 37 32 34 
 data: 58 39 47 2d 31 30 31 31 39 2e 31 30 2e 32 32 39 39 39 39 30 31 36 39 
 data: 43 37 32 34 
 data: 58 39 47 2d 31 30 31 31 39 2e 31 30 2e 32 32 39 39 39 39 30 31 36 30 
 data: 43 37 32 34 
 data: 58 39 47 2d 31 30 31 31 39 2e 31 30 2e 32 32 39 39 39 39 30 31 36 31 
 data: 43 37 32 34 
 data: 58 39 47 2d 31 30 31 31 39 2e 31 30 2e 32 32 39 39 39 39 30 31 36 32 
 data: 43 37 32 34 
 data: 58 39 47 2d 31 30 31 31 39 2e 31 30 2e 32 32 39 39 39 39 30 31 36 36 
 data: 43 37 32 34 
 data: 58 39 47 2d 31 30 32 31 39 2e 31 30 2e 32 32 39 39 39 39 30 30 31 35 
 data: 43 37 32 34 
 data: 58 39 47 2d 31 30 32 31 39 2e 31 30 2e 32 32 39 39 39 39 30 30 31 32 
 data: 43 37 32 34 
 data: 58 39 47 2d 31 30 31 31 39 2e 31 30 2e 32 32 39 39 39 39 30 31 37 33 
 data: 43 37 32 34 
 data: 58 39 47 2d 31 30 32 31 39 2e 31 30 2e 32 32 39 39 39 39 30 30 31 33 
 data: 43 37 32 34 
 data: 58 39 47 2d 31 30 32 31 39 2e 31 30 2e 32 32 39 39 39 39 30 30 31 31 
 data: 43 37 32 34 
 data: 58 39 47 2d 31 30 32 31 39 2e 31 30 2e 32 32 39 39 39 39 30 30 31 30 
 data: 43 37 32 34 
 data: 58 39 47 2d 31 30 32 31 39 2e 31 30 2e 32 32 39 39 39 39 30 30 30 39 
 data: 43 37 32 34 
 data: 58 39 47 2d 31 30 31 31 39 2e 31 30 2e 32 32 39 39 39 39 30 31 37 30 
 data: 43 37 32 34 
 data: 58 39 47 2d 31 30 31 31 39 2e 31 30 2e 32 32 39 39 39 39 30 31 36 33 
 data: 43 37 32 34 
 data: 58 39 47 2d 31 30 31 31 39 2e 31 30 2e 32 32 39 39 39 39 30 31 36 38 
 data: 43 37 32 34 
 data: 58 39 47 2d 31 30 31 31 39 2e 31 30 2e 32 32 39 39 39 39 30 31 36 37 
 data: 43 32 38 30 
 data: 58 39 47 2d 31 30 32 31 39 2e 31 30 2e 32 32 39 39 39 39 30 30 30 34 
 data: 43 37 32 34 
 data: 58 39 47 2d 31 30 32 31 39 2e 31 30 2e 32 32 39 39 39 39 30 30 30 34 
 data: 43 37 32 34 
 data: 58 39 47 2d 31 30 31 31 39 2e 31 30 2e 32 32 39 39 39 39 30 31 34 32 
 data: 43 37 32 34 
 data: 58 39 47 2d 31 30 31 31 39 2e 31 30 2e 32 32 39 39 39 39 30 31 34 37 
 data: 43 37 32 34 
 data: 58 39 47 2d 31 30 31 31 39 2e 31 30 2e 32 32 39 39 39 39 30 31 34 36 
 data: 43 37 32 34 
 data: 58 39 47 2d 31 30 31 31 39 2e 31 30 2e 32 32 39 39 39 39 30 31 34 33 
 data: 43 32 38 30 
 data: 58 39 47 2d 31 30 31 31 39 2e 31 30 2e 32 32 39 39 39 39 30 31 34 31 
 data: 43 37 32 34 
 data: 58 39 47 2d 31 30 31 31 39 2e 31 30 2e 32 32 39 39 39 39 30 31 34 31 
 data: 43 37 32 34 
 data: 58 39 47 2d 31 30 31 31 39 2e 31 30 2e 32 32 39 39 39 39 30 31 37 31 
 data: 43 37 32 34 
 data: 58 39 47 2d 31 30 31 31 39 2e 31 30 2e 32 32 39 39 39 39 30 31 37 32 
 data: 43 37 32 34 
 data: 58 39 47 2d 31 30 31 31 39 2e 31 30 2e 32 32 39 39 39 39 30 31 37 34 
 data: 43 37 32 34 
 data: 58 39 47 2d 31 30 31 31 39 2e 31 30 2e 32 32 39 39 39 39 30 31 34 30 
 data: 43 37 32 34 
 data: 58 39 47 2d 31 30 31 31 39 2e 31 30 2e 32 32 39 39 39 39 30 31 34 30 
 data: 43 37 32 34 
remove tsd.persistence.client.mib3.app.*
 data: 58 39 47 2d 31 30 31 31 39 2e 31 30 2e 32 32 39 39 39 39 30 31 38 37 
 data: 43 37 32 34 
remove tsd.persistence.client.mib3.app.*
 data: 58 39 47 2d 31 30 31 31 39 2e 31 30 2e 32 32 39 39 39 39 30 31 38 34 
 data: 43 37 32 34 
remove tsd.persistence.client.mib3.app.*
 data: 58 39 47 2d 31 30 31 31 39 2e 31 30 2e 32 32 39 39 39 39 30 31 38 39 
 data: 43 37 32 34 
remove tsd.persistence.client.mib3.app.*
 data: 58 39 47 2d 31 30 31 31 39 2e 31 30 2e 32 32 39 39 39 39 30 31 38 39 
 data: 43 37 32 34 
remove tsd.persistence.client.mib3.app.* in /usr/bin
remove tsd.persistence.client.mib3.app.* in /var
 data: 58 39 47 2d 31 30 31 31 39 2e 31 30 2e 32 32 39 39 39 39 30 31 38 39 
 data: 43 37 32 34 
remove tsd.persistence.client.mib3.app.* in /usr/bin
remove tsd.persistence.client.mib3.app.* in /var
 data: 58 39 47 2d 31 30 31 31 39 2e 31 30 2e 32 32 39 39 39 39 30 31 38 39 
 data: 43 37 32 34 
remove tsd.persistence.client.mib3.app.* in /usr/bin
remove tsd.persistence.client.mib3.app.* in /var
 data: 58 39 47 2d 31 30 31 31 39 2e 31 30 2e 32 32 39 39 39 39 30 31 38 33 
 data: 43 32 38 30 
remove tsd.persistence.client.mib3.app.* in /usr/bin
remove tsd.persistence.client.mib3.app.* in /var
 data: 58 39 47 2d 31 30 31 31 39 2e 31 30 2e 32 32 39 39 39 39 30 31 38 38 
 data: 43 37 32 34 
remove tsd.persistence.client.mib3.app.* in /usr/bin
remove tsd.persistence.client.mib3.app.* in /var
