 data: 58 39 47 2d 31 30 32 31 39 2e 31 30 2e 32 32 39 39 39 39 30 30 30 36 
 data: 58 39 47 2d 31 30 32 31 39 2e 31 30 2e 32 32 39 39 39 39 30 30 30 35 
 data: 58 39 47 2d 31 30 32 31 39 2e 31 30 2e 32 32 39 39 39 39 30 30 30 37 
 data: 58 39 47 2d 31 30 32 31 39 2e 31 30 2e 32 32 39 39 39 39 30 30 30 38 
 data: 58 39 47 2d 31 30 32 31 39 2e 31 30 2e 32 32 39 39 39 39 30 30 30 33 
 data: 58 39 47 2d 31 30 32 31 39 2e 31 30 2e 32 32 39 39 39 39 30 30 30 32 
 data: 58 39 47 2d 31 30 32 31 39 2e 31 30 2e 32 32 39 39 39 39 30 30 31 34 
 data: 58 39 47 2d 31 30 31 31 39 2e 31 30 2e 32 32 39 39 39 39 30 31 37 37 
 data: 58 39 47 2d 31 30 31 31 39 2e 31 30 2e 32 32 39 39 39 39 30 31 37 39 
 data: 58 39 47 2d 31 30 31 31 39 2e 31 30 2e 32 32 39 39 39 39 30 31 38 30 
 data: 58 39 47 2d 31 30 31 31 39 2e 31 30 2e 32 32 39 39 39 39 30 31 37 35 
 data: 58 39 47 2d 31 30 31 31 39 2e 31 30 2e 32 32 39 39 39 39 30 31 37 36 
 data: 58 39 47 2d 31 30 31 31 39 2e 31 30 2e 32 32 39 39 39 39 30 31 38 31 
 data: 58 39 47 2d 31 30 31 31 39 2e 31 30 2e 32 32 39 39 39 39 30 31 35 38 
